>ATGACGTCATCN	JunD(bZIP)/K562-JunD-ChIP-Seq/Homer	8.840059	-6.690263e+03	0	49999.0,4821.0,3322.5,2871.0,0.00e+00
0.636	0.078	0.276	0.010
0.001	0.001	0.001	0.997
0.001	0.001	0.981	0.017
0.994	0.001	0.004	0.001
0.001	0.785	0.041	0.173
0.165	0.034	0.800	0.001
0.001	0.003	0.001	0.995
0.016	0.982	0.001	0.001
0.997	0.001	0.001	0.001
0.009	0.282	0.080	0.630
0.134	0.529	0.131	0.206
0.281	0.254	0.256	0.209
>ATGACGTCATCC	c-Jun-CRE(bZIP)/K562-cJun-ChIP-Seq(GSE31477)/Homer	7.337919	-6.299471e+03	0	74838.0,37419.0,8277.4,7112.0,0.00e+00
0.598	0.118	0.273	0.010
0.003	0.002	0.001	0.994
0.003	0.004	0.955	0.038
0.978	0.002	0.011	0.008
0.020	0.643	0.127	0.210
0.219	0.139	0.609	0.032
0.005	0.011	0.001	0.983
0.028	0.965	0.003	0.004
0.987	0.002	0.002	0.008
0.010	0.272	0.112	0.606
0.063	0.652	0.111	0.174
0.217	0.379	0.174	0.230
>GATGACGTCA	Atf1(bZIP)/K562-ATF1-ChIP-Seq(GSE31477)/Homer	6.250778	-4815.232515	0	T:3713.0(29.65%),B:1296.8(3.87%),P:1e-2091
0.202	0.227	0.397	0.173
0.466	0.202	0.291	0.041
0.023	0.046	0.020	0.911
0.016	0.026	0.759	0.199
0.870	0.001	0.068	0.061
0.025	0.748	0.059	0.168
0.143	0.069	0.771	0.017
0.057	0.168	0.005	0.770
0.323	0.635	0.031	0.011
0.857	0.021	0.072	0.050
>NRRTGACGTCAT	Atf2(bZIP)/3T3L1-Atf2-ChIP-Seq(GSE56872)/Homer	7.098521	-1842.914275	0	T:1501.0(14.40%),B:710.6(1.88%),P:1e-800	Tpos:51.2,Tstd:22.9,Bpos:51.4,Bstd:34.9,StrandBias:-0.0,Multiplicity:1.08
0.209	0.287	0.276	0.228
0.239	0.195	0.379	0.188
0.429	0.226	0.283	0.062
0.047	0.025	0.020	0.908
0.016	0.028	0.825	0.131
0.750	0.026	0.105	0.119
0.057	0.569	0.177	0.197
0.206	0.144	0.580	0.070
0.095	0.105	0.044	0.756
0.132	0.798	0.042	0.028
0.890	0.025	0.029	0.056
0.073	0.280	0.215	0.432
>NGRTGACGTCAY	Atf7(bZIP)/3T3L1-Atf7-ChIP-Seq(GSE56872)/Homer	6.735338	-1511.670713	0	T:1214.0(18.38%),B:986.6(2.40%),P:1e-656	Tpos:51.9,Tstd:23.1,Bpos:50.5,Bstd:34.9,StrandBias:-0.0,Multiplicity:1.08
0.238	0.303	0.285	0.175
0.226	0.167	0.389	0.219
0.407	0.195	0.320	0.078
0.017	0.019	0.006	0.958
0.001	0.039	0.800	0.160
0.827	0.019	0.081	0.073
0.033	0.665	0.139	0.163
0.182	0.123	0.666	0.029
0.076	0.069	0.038	0.817
0.136	0.813	0.045	0.006
0.914	0.010	0.044	0.032
0.053	0.317	0.219	0.411
>CGGTGACGTCAC	CRE(bZIP)/Promoter/Homer	5.918254	-9.269630e+02	0	124715.9,9565.0,6809.3,1652.0,0.00e+00
0.089	0.490	0.225	0.196
0.077	0.378	0.437	0.109
0.067	0.308	0.604	0.021
0.001	0.030	0.001	0.968
0.001	0.203	0.795	0.001
0.981	0.001	0.017	0.001
0.001	0.976	0.001	0.022
0.023	0.001	0.975	0.001
0.001	0.027	0.001	0.971
0.001	0.800	0.198	0.001
0.977	0.001	0.021	0.001
0.005	0.649	0.281	0.065